,time,timestamp,THETAUSDT,XRPUSDT,hedge_ratio,calculated_spread,rolling_mean_spread,rolling_std_spread,z_score,trading_signal
25800,2023-10-29 13:00:00,1698584400000,0.677,0.5532,0.8347695612053443,-0.011938992936018078,-0.005609805682293823,0.009325585089943323,-0.678690633636449,1
25801,2023-10-29 14:00:00,1698588000000,0.687,0.556,0.8342668565839009,-0.017141330473139926,-0.00583454081646478,0.009351893333369592,-1.2090374915130884,1
25802,2023-10-29 15:00:00,1698591600000,0.685,0.5565,0.8338757297162466,-0.014704874855628991,-0.005985159072864859,0.009382237017398593,-0.9293855790036138,1
25803,2023-10-29 16:00:00,1698595200000,0.682,0.5558,0.8335226572221573,-0.012662452225511434,-0.00611182632941141,0.00939297634911395,-0.6973961876011697,1
25804,2023-10-29 17:00:00,1698598800000,0.693,0.5586,0.8330368589509596,-0.018694543253015006,-0.006318252202809377,0.009459040978915896,-1.3084086513413202,1
25805,2023-10-29 18:00:00,1698602400000,0.696,0.5585,0.8325345549939319,-0.020944050275776616,-0.006529765047463917,0.009566724049710812,-1.50671067268303,1
25806,2023-10-29 19:00:00,1698606000000,0.693,0.5585,0.8321492986186504,-0.018179463942724627,-0.006663969897887253,0.009643134257600824,-1.1941650647206055,1
25807,2023-10-29 20:00:00,1698609600000,0.692,0.5582,0.8317798042277609,-0.017391624525610494,-0.006787180588704383,0.009707485547809338,-1.0923986324449575,1
25808,2023-10-29 21:00:00,1698613200000,0.687,0.5551,0.831481617134481,-0.01612787097138846,-0.0068646015174286005,0.00975366246538913,-0.9497221671172821,1
25809,2023-10-29 22:00:00,1698616800000,0.69,0.5572,0.8311519402876396,-0.016294838798471267,-0.006961514659472547,0.009802998325553852,-0.9520887211282272,1
25810,2023-10-29 23:00:00,1698620400000,0.684,0.5561,0.8309115986212149,-0.012243533456910982,-0.007001866058455615,0.009817160703585313,-0.5339290612346871,1
25811,2023-10-30 00:00:00,1698624000000,0.687,0.5545,0.830597881124197,-0.016120744332323356,-0.007088988668151231,0.009862523320987665,-0.9157652022938544,1
25812,2023-10-30 01:00:00,1698627600000,0.691,0.5547,0.830239346209567,-0.018995388230810706,-0.007203886297687186,0.009939529106601085,-1.186324000529612,1
25813,2023-10-30 02:00:00,1698631200000,0.69,0.5542,0.8298753694736519,-0.018414004936819772,-0.007321997400630446,0.010007986266793934,-1.1083156231930622,1
25814,2023-10-30 03:00:00,1698634800000,0.685,0.5549,0.8296175575761319,-0.013388026939650466,-0.00737228632675593,0.010026904930764687,-0.5999598734039013,1
25815,2023-10-30 04:00:00,1698638400000,0.685,0.552,0.8292552430457167,-0.016039841486315987,-0.007488936518425761,0.01006497916613591,-0.8495700613728184,1
25816,2023-10-30 05:00:00,1698642000000,0.681,0.5512,0.828912391252956,-0.013289338443263077,-0.007594519107685355,0.010074422123094388,-0.5652750367212667,1
25817,2023-10-30 06:00:00,1698645600000,0.68,0.5505,0.8284888448729532,-0.01287241451360821,-0.007754075407967634,0.010040074734156747,-0.5097909369367318,1
25818,2023-10-30 07:00:00,1698649200000,0.675,0.5528,0.8281513320549427,-0.006202149137086388,-0.007859850051715734,0.009970919727383367,0.16625356135169395,0
25819,2023-10-30 08:00:00,1698652800000,0.686,0.5555,0.82774077108324,-0.012330168963102683,-0.008006013911925194,0.009936383903175392,-0.4351839757112856,0
25820,2023-10-30 09:00:00,1698656400000,0.689,0.5591,0.8273335741606332,-0.010932832596676212,-0.008150642914130573,0.009880330201893269,-0.2815887349607522,0
25821,2023-10-30 10:00:00,1698660000000,0.69,0.558,0.8268475863645547,-0.012524834591542633,-0.008348033496635907,0.009782809793582967,-0.4269531129641811,0
25822,2023-10-30 11:00:00,1698663600000,0.689,0.5626,0.8264269895560763,-0.0068081958041364965,-0.008506016963269974,0.009636638917782468,0.1761839551755428,0
25823,2023-10-30 12:00:00,1698667200000,0.687,0.5641,0.8260023222125868,-0.0033635953600471558,-0.008668939644666649,0.009416743664605737,0.56339478630606,0
25824,2023-10-30 13:00:00,1698670800000,0.69,0.5757,0.8257599937246806,0.005925604329970469,-0.008707252184283747,0.009349141876722233,1.5651550385268544,0
25825,2023-10-30 14:00:00,1698674400000,0.685,0.582,0.8256955737125071,0.01639853200693253,-0.008629149713646953,0.009528780757367801,2.6265355828685317,-1
25826,2023-10-30 15:00:00,1698678000000,0.687,0.5779,0.8255965608698455,0.010715162682416124,-0.008567330939232658,0.009636198296687737,2.001047822799244,-1
25827,2023-10-30 16:00:00,1698681600000,0.689,0.5797,0.8254898157880994,0.010937516921999513,-0.008510083783466734,0.009736833163038538,1.9973229878571017,-1
25828,2023-10-30 17:00:00,1698685200000,0.681,0.5787,0.8254725744332815,0.016553176810935266,-0.00839198441108506,0.009973941886626205,2.5010333432430194,-1
25829,2023-10-30 18:00:00,1698688800000,0.68,0.5785,0.8254699044939372,0.01718046494412273,-0.008261557412043314,0.010228590796046428,2.4873438446672376,-1
25830,2023-10-30 19:00:00,1698692400000,0.683,0.5823,0.8255251933422422,0.018466292947248553,-0.008091417110872714,0.010540268560031643,2.519642635940724,-1
25831,2023-10-30 20:00:00,1698696000000,0.689,0.5797,0.8254204649487017,0.01098529965034456,-0.008027476990054277,0.010638571841223982,1.787154979461171,-1
25832,2023-10-30 21:00:00,1698699600000,0.695,0.5806,0.8251455712488431,0.007123827982054021,-0.00808463471136249,0.01054139360466101,1.4427373897405649,-1
25833,2023-10-30 22:00:00,1698703200000,0.692,0.5783,0.8248913018741109,0.007475219103115327,-0.008120579479944682,0.010481823188608406,1.4878898739686286,-1
25834,2023-10-30 23:00:00,1698706800000,0.692,0.578,0.8246927574692938,0.00731261183124865,-0.008113395531910449,0.010492280218623251,1.4702244928398631,-1
25835,2023-10-31 00:00:00,1698710400000,0.697,0.5783,0.8244578396238628,0.003652885782167714,-0.008127038952899462,0.010475965340583064,1.1244715262117828,-1
25836,2023-10-31 01:00:00,1698714000000,0.696,0.5794,0.8242283710954009,0.005737053717601026,-0.00813960337726677,0.010458431523199673,1.326839217150828,-1
25837,2023-10-31 02:00:00,1698717600000,0.691,0.5773,0.8241111432606613,0.007839200006883096,-0.008071165283249538,0.010542749371363177,1.5091286655594116,-1
25838,2023-10-31 03:00:00,1698721200000,0.686,0.5741,0.8240054346384764,0.008832271838005168,-0.007998224744410129,0.010636838177941536,1.5822837859203356,-1
25839,2023-10-31 04:00:00,1698724800000,0.688,0.573,0.8238395212939352,0.00619840934977256,-0.007962652377394434,0.01067916038245308,1.3260463575802293,-1
25840,2023-10-31 05:00:00,1698728400000,0.689,0.5719,0.8236828136046622,0.0043825414263877205,-0.007916767229228353,0.010723426690489275,1.1469569392892354,-1
25841,2023-10-31 06:00:00,1698732000000,0.685,0.5717,0.8235565190007923,0.00756378448445727,-0.00785245824961395,0.010798888619302359,1.4275767884591033,-1
25842,2023-10-31 07:00:00,1698735600000,0.68,0.5682,0.8235018702454101,0.008218728233121086,-0.007737324504760804,0.010913798574365845,1.4620072588987678,-1
25843,2023-10-31 08:00:00,1698739200000,0.687,0.5733,0.8234635339555072,0.00758055217256659,-0.007609607578580384,0.011024202927223834,1.377891884921265,-1
25844,2023-10-31 09:00:00,1698742800000,0.692,0.5745,0.8234019241228547,0.004705868506984623,-0.007497160903427133,0.011097040908960958,1.099665172952341,-1
25845,2023-10-31 10:00:00,1698746400000,0.693,0.6005,0.8236754418587215,0.029692918791906053,-0.0071745864716628305,0.011731058252045816,3.142726297274966,-1
25846,2023-10-31 11:00:00,1698750000000,0.701,0.6041,0.8238839287890406,0.02655736591888258,-0.006897717041930866,0.012218603362518066,2.7380447640554944,-1
25847,2023-10-31 12:00:00,1698753600000,0.69,0.5995,0.8241118991547683,0.03086278958320987,-0.0066110641443768,0.01278494051625995,2.931093318731303,-1
25848,2023-10-31 13:00:00,1698757200000,0.679,0.5958,0.8245387293259292,0.035938202787693996,-0.006184357512516815,0.013529466417130162,3.1133940542457657,-1
25849,2023-10-31 14:00:00,1698760800000,0.683,0.5948,0.8248263652409731,0.03144359254041529,-0.0058598666090930954,0.014065371800174926,2.652148814796666,-1
25850,2023-10-31 15:00:00,1698764400000,0.676,0.5951,0.8252375946287708,0.037239386030950894,-0.005446876953147708,0.014757660460949697,2.892481711247585,-1
25851,2023-10-31 16:00:00,1698768000000,0.687,0.601,0.8255722863895046,0.03383183925041022,-0.0050955783560617226,0.01529985635736401,2.544299547474882,-1
25852,2023-10-31 17:00:00,1698771600000,0.687,0.603,0.8259324241446371,0.035584424612634225,-0.0047293829383847135,0.01586185385327503,2.5415571170891393,-1
25853,2023-10-31 18:00:00,1698775200000,0.692,0.6024,0.8262033340091995,0.030667292865633966,-0.004427575995511249,0.01626760285532294,2.157347285476777,-1
25854,2023-10-31 19:00:00,1698778800000,0.695,0.5991,0.8264325259460213,0.02472939446751521,-0.004152101851533372,0.01654510382868766,1.745621944600358,-1
25855,2023-10-31 20:00:00,1698782400000,0.712,0.6009,0.8265040809668177,0.012429094351625758,-0.003981446145616407,0.01663501626128529,0.9865058283973218,-1
25856,2023-10-31 21:00:00,1698786000000,0.711,0.5967,0.8265609371321287,0.009015173699056467,-0.0038156556809140255,0.01668820603421132,0.7688561223217709,-1
25857,2023-10-31 22:00:00,1698789600000,0.717,0.5982,0.8266495344938558,0.005492283767905337,-0.0036237958852960873,0.0166926972683448,0.5461118420022332,-1
25858,2023-10-31 23:00:00,1698793200000,0.722,0.5996,0.8266862160026419,0.0027325520460925734,-0.0034673118055057704,0.01668397423050235,0.37160593548888904,-1
25859,2023-11-01 00:00:00,1698796800000,0.754,0.5941,0.8261879915464221,-0.028845745626002284,-0.003637956036309739,0.01686338263801825,-1.4948240297211755,0
25860,2023-11-01 01:00:00,1698800400000,0.758,0.5943,0.8256336877177909,-0.03153033529008542,-0.003840618098373869,0.01708630157747619,-1.6205799169677062,0
25861,2023-11-01 02:00:00,1698804000000,0.758,0.5952,0.8251132500356863,-0.03023584352705022,-0.0040195127893229874,0.01727658525003577,-1.5174486368869076,0
25862,2023-11-01 03:00:00,1698807600000,0.759,0.5924,0.8246174550123314,-0.03348464835435949,-0.004173198355093764,0.017476153054697057,-1.6772255259796838,0
25863,2023-11-01 04:00:00,1698811200000,0.759,0.59,0.8240899126335249,-0.03548424368884551,-0.004346499509552753,0.017707734888516694,-1.7584261553116713,0
25864,2023-11-01 05:00:00,1698814800000,0.746,0.5823,0.8236165698251859,-0.03211796108958864,-0.004494873274416436,0.017883670668332175,-1.54459832813217,0
25865,2023-11-01 06:00:00,1698818400000,0.75,0.5913,0.8232752799332368,-0.026156459949927546,-0.004556891194099195,0.017949383990622174,-1.203359890629854,0
25866,2023-11-01 07:00:00,1698822000000,0.761,0.5986,0.8228611396385191,-0.02759732726491304,-0.004664614200506431,0.018058456486558287,-1.26991545935703,0
25867,2023-11-01 08:00:00,1698825600000,0.758,0.601,0.8224625187125999,-0.022426589184150747,-0.004771742957718038,0.018134945756741093,-0.9735262770151973,0
25868,2023-11-01 09:00:00,1698829200000,0.751,0.6038,0.8222590173803,-0.013716522052605318,-0.004753952158495618,0.01812525121094229,-0.4944797614004356,0
25869,2023-11-01 10:00:00,1698832800000,0.741,0.6002,0.8221075074886299,-0.008981663049074773,-0.004708656251344026,0.018109241287657965,-0.23595725132023834,0
25870,2023-11-01 11:00:00,1698836400000,0.749,0.6031,0.8219828767541987,-0.012565174688894842,-0.004638623206573203,0.018065739751709952,-0.43876152270882673,0
25871,2023-11-01 12:00:00,1698840000000,0.749,0.6054,0.8218725405040963,-0.010182532837568092,-0.00456399950745355,0.018028057753633933,-0.3116549440264584,0
25872,2023-11-01 13:00:00,1698843600000,0.746,0.6005,0.821772334636187,-0.01254216163859545,-0.004481918258883465,0.017973683586173957,-0.4484469386070773,0
25873,2023-11-01 14:00:00,1698847200000,0.736,0.5956,0.8217300750700133,-0.009193335251529766,-0.00436661851104766,0.017908237799621345,-0.2695249412303517,0
25874,2023-11-01 15:00:00,1698850800000,0.732,0.597,0.8217595571873697,-0.004527995861154599,-0.0042080884833370176,0.017840692638235584,-0.017931331720382113,0
25875,2023-11-01 16:00:00,1698854400000,0.734,0.598,0.8217761393880476,-0.005183686310826996,-0.004059964328838428,0.01777456622344874,-0.06322078231682078,0
25876,2023-11-01 17:00:00,1698858000000,0.737,0.6018,0.8218352363081106,-0.0038925691590775413,-0.003885245242817063,0.017695314499107107,-0.00041389014367886436,0
25877,2023-11-01 18:00:00,1698861600000,0.747,0.6087,0.8218548486122367,-0.005225571913340832,-0.003739584847439639,0.017627664045251564,-0.08429858103073386,0
25878,2023-11-01 19:00:00,1698865200000,0.756,0.6088,0.8217595023118446,-0.012450183747754529,-0.0036688956934545673,0.01757895598068091,-0.49953410566307277,0
25879,2023-11-01 20:00:00,1698868800000,0.77,0.615,0.821565667265374,-0.017605563794337975,-0.0036603431303388746,0.017571903934603682,-0.7936089746391857,0
25880,2023-11-01 21:00:00,1698872400000,0.769,0.6108,0.8212757338619999,-0.02076103933987794,-0.0037180521870547635,0.01761970779036914,-0.9672684334832615,0
25881,2023-11-01 22:00:00,1698876000000,0.757,0.6098,0.8211421200773646,-0.011804584898565063,-0.003678467828635015,0.01759714584748662,-0.46178608396830956,0
25882,2023-11-01 23:00:00,1698879600000,0.762,0.6085,0.8208589916576294,-0.016994551643113587,-0.0037417227521381155,0.017634808493537428,-0.7515153280985271,0
25883,2023-11-02 00:00:00,1698883200000,0.755,0.6102,0.8207451051993604,-0.009462554425517133,-0.0036926014638427535,0.017612251403298255,-0.32761018620219323,0
25884,2023-11-02 01:00:00,1698886800000,0.759,0.6087,0.8205480109925263,-0.014095940343327396,-0.0036982714048533713,0.017615551251403266,-0.5902550984685047,0
25885,2023-11-02 02:00:00,1698890400000,0.765,0.6121,0.8203869369709744,-0.015496006782795502,-0.003674775744664849,0.017598160644112848,-0.6717310562842962,0
25886,2023-11-02 03:00:00,1698894000000,0.764,0.6115,0.8201848673121012,-0.01512123862644521,-0.0036839297522001067,0.017603955359472262,-0.6497010836880454,0
25887,2023-11-02 04:00:00,1698897600000,0.757,0.6066,0.8200217949731011,-0.01415649879463754,-0.0036683284940764293,0.017593919348130135,-0.59612472315191,0
25888,2023-11-02 05:00:00,1698901200000,0.746,0.6049,0.8199260658942721,-0.006764845157126942,-0.003615277561036881,0.017576951551358824,-0.17918736288754103,0
25889,2023-11-02 06:00:00,1698904800000,0.751,0.6055,0.8197371647893592,-0.010122610756808759,-0.0036281001153165727,0.017581310590200756,-0.3693985501349378,0
25890,2023-11-02 07:00:00,1698908400000,0.755,0.6051,0.8194748257403095,-0.013603493433933744,-0.003690291525446357,0.017606624574436878,-0.5630381829621336,0
25891,2023-11-02 08:00:00,1698912000000,0.757,0.6082,0.8192633145137586,-0.011982329086915322,-0.0037164739475658653,0.017617257386975945,-0.4691908029600693,0
25892,2023-11-02 09:00:00,1698915600000,0.758,0.607,0.8190577461781188,-0.013845771603014034,-0.0037371998026419083,0.01762815533168027,-0.5734333292494651,0
25893,2023-11-02 10:00:00,1698919200000,0.764,0.6166,0.8190066657292382,-0.009121092617138005,-0.003650023304207105,0.017580907383463053,-0.3111937964064981,0
25894,2023-11-02 11:00:00,1698922800000,0.77,0.6167,0.8188446420196088,-0.013810374355098798,-0.003640300472679603,0.017574972838937053,-0.5786679715309471,0
25895,2023-11-02 12:00:00,1698926400000,0.772,0.62,0.818684433018106,-0.01202438228997782,-0.003633364929902064,0.017571498893653562,-0.4775356622027508,0
25896,2023-11-02 13:00:00,1698930000000,0.759,0.6128,0.8186749119611861,-0.008574258178540295,-0.003523361831266469,0.017507737456680352,-0.28849509308506205,0
25897,2023-11-02 14:00:00,1698933600000,0.755,0.6081,0.8186815229856412,-0.010004549854159106,-0.0034044542179880177,0.017425074729831142,-0.37877000463429555,0
25898,2023-11-02 15:00:00,1698937200000,0.741,0.6039,0.8187677973606641,-0.002806937844252122,-0.003237361543004621,0.017355403043465178,0.024800559092435847,0
25899,2023-11-02 16:00:00,1698940800000,0.746,0.6046,0.8187925627121488,-0.006219251783262991,-0.00311592270884867,0.01729425461854456,-0.1794427769721069,0
